0.000000000000000000e+00
9.000000000000000000e+00
1.900000000000000000e+01
2.800000000000000000e+01
3.700000000000000000e+01
4.500000000000000000e+01
5.400000000000000000e+01
6.200000000000000000e+01
7.000000000000000000e+01
7.800000000000000000e+01
8.500000000000000000e+01
9.300000000000000000e+01
1.000000000000000000e+02
1.040000000000000000e+02
1.080000000000000000e+02
1.110000000000000000e+02
1.150000000000000000e+02
1.180000000000000000e+02
1.220000000000000000e+02
1.250000000000000000e+02
1.280000000000000000e+02
1.310000000000000000e+02
1.340000000000000000e+02
1.370000000000000000e+02
1.390000000000000000e+02
1.410000000000000000e+02
1.410000000000000000e+02
1.410000000000000000e+02
1.410000000000000000e+02
1.420000000000000000e+02
1.420000000000000000e+02
1.420000000000000000e+02
1.420000000000000000e+02
1.420000000000000000e+02
1.430000000000000000e+02
1.430000000000000000e+02
1.430000000000000000e+02
1.430000000000000000e+02
1.400000000000000000e+02
1.380000000000000000e+02
1.360000000000000000e+02
1.340000000000000000e+02
1.320000000000000000e+02
1.300000000000000000e+02
1.280000000000000000e+02
1.260000000000000000e+02
1.250000000000000000e+02
1.230000000000000000e+02
1.210000000000000000e+02
1.190000000000000000e+02
-1